750
1166
2000
3250
4416
5583
6083
6750
7416
7833
9250
10500
10833
11666
12083
13000
13333
13833
14250
14500
15416
15750
16666
17000
17833
18250
19083
19500
20916
21250
21583
22250
22833
23416
24000
25250
25500
26500
26750
27583
28166
28833
29166
30250
30500
31333
31750
32333
32666
33000
33250
33666
34083
35000
35333
36083
36583
37166
37500
38416
38750
39000
39916
40166
41166
41583
42083
42333
42750
43166
43583
43916
44833
45083
46000
46416
46916
47166
47583
47750
48083
48583
48916
49583
49833
50083
50416
50666
50916
51250
51916
52166
52416
52750
53000
53333
53666
54333
54583
55000
55583
55833
56166
56833
57083
57416
58083
58333
58583
58833
59333
59583
59833
60500
60750
61000
61583
61916
62250
62750
63166
63500
64083
64416
64666
65249
65583
65833
66166
66500
66833
67166
67500
67833
68250
68750
69333
70000
70500
71250
71750
72333
73000
73583
74166
74833
75500
76083
76666
76916
77250
77583
79333
79583
80250
80750
81083
81583
82166
82833
84000
84333
85166
85583
85916
86250
86500
86833
87250
87583
87833
88166
88916
90166
90666
91166
91416
91750
92166
92500
92666
93000
93500
94750
94833
95166
95500
95916
96083
96666
97000
97333
97583
97916
98666
100000
100416
100916
101083
101500
101916
102333
102500
102666
103666
103916
104750
105166
105750
105916
106083
106166
106500
106833
107166
107333
107666
108333
108500
108750
108916
109500
109666
109833
110083
110666
110916
111083
111333
111833
112083
112250
112583
113083
113250
113416
113666
114333
114500
114666
114833
115583
115750
115916
116083
116666
116916
117250
117500
118083
118250
118416
118750
119250
119416
119583
119916
120500
120666
120833
121000
121666
121833
122083
122416
122916
123083
123333
123583
124083
124250
124416
124583
125166
125416
125583
126000
126166
126500
126916
127500
128083
128666
129333
129916
130499
131166
131833
132500
132750
133000
133333
133583
133916
134166
134416
134750
135083
135416
135666
135916
136250
136416
136666
136916
137166
137416
137583
137833
138083
138333
138583
138833
139000
139250
139500
139750
139916
140250
140416
140750
141000
141250
141500
141916
142083
142333
142583
142833
143083
143333
143583
143833
144000
144250
144500
144666
144916
145166
145416
145666
145916
146166
146416
146750
146916
147166
147416
147666
147916
148166
148416
148916
149166
149333
149583
149833
150000
150416
150916
151333
152000
152583
152833
153750
154166
154583
154750
154916
155333
155583
155916
156250
156416
156666
157500
157666
158083
158750
158916
159166
159333
159750
160083
160333
160750
161083
161250
161416
162333
162583
162916
163583
163833
164083
164666
165000
165250
165500
166000
166166
166500
167333
167500
167666
168500
168750
169000
169500
169750
170000
170250
170500
170833
171083
171250
171666
172000
