117
590
1064
1380
1538
1695
1853
2011
2169
2327
2485
2643
2959
3117
3274
3590
3906
4222
4380
4538
4853
5169
5643
6117
6432
6590
6748
6906
7064
7222
7380
7538
7695
8011
8169
8327
8643
8959
9274
9590
9906
10222
10695
10853
11169
11327
11485
11801
12117
12274
12590
12748
13064
13222
13380
13695
14011
14327
14485
14643
14959
15274
15590
15748
15906
16222
16538
16695
17011
17169
17485
17643
17801
18117
18432
18748
18906
19064
19380
19538
19695
20011
20327
20801
20959
21274
21590
21748
21906
22222
22380
22695
22853
23169
23485
23801
23959
24117
24432
24590
24748
25064
25380
25695
25853
26011
26327
26643
26801
27117
27274
27590
27906
28222
28380
28538
28853
29011
29327
29485
29643
29801
29959
30117
30274
30432
30906
31064
31380
31853
32011
32327
32801
32959
33432
33590
33906
34380
34538
34853
35169
35327
35485
35959
36117
36432
36906
37064
37380
37695
37853
38011
38327
38643
38959
39117
39274
39590
39906
40064
40380
40538
41011
41169
41485
41959
42117
42432
42748
42906
43064
43538
43695
44011
44485
44643
44959
45274
45432
45590
46064
46222
46538
47011
47169
47485
47801
47959
48117
48590
49064
49538
49695
50011
50327
50485
50643
51117
51274
51590
51906
52064
52222
52380
52538
52853
53011
53169
53643
53801
54117
54590
54748
55064
55380
55538
55695
56169
56327
56643
56959
57117
57274
57432
57590
57906
58064
58222
58538
58853
59011
59169
59327
59485
59801
59959
60117
60432
60748
60906
61222
61380
61695
62011
62169
62327
62485
62643
62959
63117
63274
63748
63906
64380
64538
64853
65169
65485
65643
65801
66117
66274
66432
66748
67222
67380
67538
67695
68011
68327
68801
69274
69590
69906
70064
70222
70538
70853
71327
71485
71801
71959
72117
72432
72748
72906
73222
73380
73695
73853
74011
74327
74643
74959
75117
75274
75590
75906
76222
76380
76538
76853
77169
77327
77643
77801
78117
78274
78432
78748
79064
79380
79538
79695
80011
80169
80327
80643
80801
80959
81432
81590
81906
82222
82380
82695
82853
83169
83327
83485
83801
84117
84432
84590
84748
85064
85222
85380
85695
86011
86327
86485
86643
86959
87274
87432
87748
87906
88222
88538
88695
88853
89011
89169
89485
89643
89801
90117
90274
90432
90748
90906
91064
91538
91695
92011
92169
92327
92406
92485
92643
92801
92959
93432
93590
93906
94064
94222
94538
94695
94853
95011
95327
95485
95801
96117
96432
96511
96590
96748
97064
97222
97380
97695
98011
98169
98485
98564
98643
98959
99274
99590
99669
99748
99906
100222
100301
100380
100538
100695
100853
101011
101169
101643
101801
102117
102432
102511
102590
102748
102906
103064
103380
103538
103695
103853
104169
104327
104643
104722
104801
104959
105274
105432
105590
105906
106222
106538
106617
106695
106853
107169
107485
107643
107959
108117
108432
108511
108590
108748
108906
109222
109380
109695
109853
110011
110327
110485
110643
110801
110959
111117
111274
111590
111748
111906
112222
112380
112538
112853
113011
113169
113485
113801
114117
114274
114432
114748
114906
115064
115380
115485
115590
115695
116011
116327
116643
116801
116959
117274
117432
117590
117906
117985
118064
118143
118222
118538
118853
119169
119248
119327
119406
119485
119801
120117
120274
120432
120748
121064
121222
121380
