117
748
1380
1695
2011
2327
2643
3274
3590
3906
4538
5169
5801
6432
6748
7064
7380
7695
8327
8643
8959
9590
10222
10538
10853
11485
11801
12117
12432
12748
13380
13695
14011
14643
15274
15590
15906
16538
16853
17169
17485
17801
18432
19064
19380
19695
20327
20643
20959
21590
21906
22222
22538
22853
23485
24117
24432
24748
25380
25695
26011
26643
26959
27274
27590
27906
28538
29169
29485
29801
30432
30748
31064
31380
31695
32327
32959
33274
33590
33906
34222
34853
35485
35801
36117
36748
37380
38011
38327
38643
38959
39274
39590
39906
40222
40538
41169
41801
42117
42432
43064
43380
43695
44011
44327
44959
45590
45906
46222
46853
47169
47485
47801
48117
48432
48748
49064
49380
49538
49695
50011
50643
50959
51274
51590
51906
52222
52538
53169
53485
53801
54117
54432
55064
55695
56011
56327
56643
56959
57274
57590
58222
58538
58853
59169
59485
60117
60748
61064
61380
61695
62011
62327
62643
63274
63590
63906
64222
64538
65169
65801
66117
66432
66748
67064
67380
67695
68327
68643
68959
69274
69590
70222
70853
71169
71485
72117
72432
72748
73064
73380
73538
73695
74011
74327
74643
75274
75906
76222
76538
77169
77485
77801
78117
78432
78590
78748
79064
79380
79695
79853
80011
80327
80959
81274
81590
82222
82538
82853
83169
83485
83643
83801
84117
84432
84748
85380
86011
86327
86643
87274
87590
87906
88222
88538
88853
89169
89485
89801
90117
90432
90748
91064
91380
91695
92327
92643
92959
93274
93590
93748
93906
94222
94538
94853
95485
96117
96432
96748
97380
97695
98011
98327
98643
98801
98959
99274
99590
99906
100064
100222
100538
101169
101485
101801
102432
102748
103064
103380
103695
103853
104011
104327
104643
104959
105590
106222
106538
106853
107485
107801
108117
108432
108748
109064
109380
109695
110011
110327
110643
110959
111274
111590
111906
112538
112695
112853
113169
113485
113801
114117
114432
115064
115380
115695
116011
116327
116643
116959
117590
117906
118222
118538
118853
119169
119485
119801
120117
120748
121380
